5.49041622733156e-12
8.12940060541629e-12
1.18945208848133e-11
1.72064176284919e-11
2.46204533033444e-11
3.48625193837289e-11
4.88722867979452e-11
6.78549565670323e-11
9.33426278264719e-11
1.27266457524730e-10
1.72040847290381e-10
2.30660972493501e-10
3.06815091464728e-10
4.05013280883639e-10
5.30734603773300e-10
6.90595335668041e-10
8.92541918455299e-10
1.14607403784833e-09
1.46250602821257e-09
1.85527931451881e-09
2.34034576224129e-09
2.93665311146482e-09
3.66678145269910e-09
4.55780763221436e-09
5.64251838465497e-09
6.96116220561311e-09
8.56403952071631e-09
1.05154049230470e-08
1.28994336707444e-08
1.58294511978049e-08
1.94623408313827e-08
2.40211868318437e-08
2.98309946793633e-08
3.73749975482287e-08
4.73826638456069e-08
6.09642806503938e-08
7.98075959694182e-08
1.06440335384007e-07
1.44519853300965e-07
1.99014309828994e-07
2.75995513937219e-07
3.81687609204244e-07
5.20661780413112e-07
6.93768857026710e-07
8.97079527676590e-07
1.12282345339931e-06
1.36197605163049e-06
1.60701084459948e-06
1.85350680965325e-06
2.10033227494770e-06
2.34892387433780e-06
2.60231529014507e-06
2.86432007584727e-06
3.13899563993848e-06
3.43035836953175e-06
3.74227094077222e-06
4.07842888972993e-06
4.44239567814347e-06
4.83765615825855e-06
5.26767275697132e-06
5.73593734882582e-06
6.24601644316886e-06
6.80158956371136e-06
7.40648163627008e-06
8.06469047535373e-06
8.78041043302665e-06
9.55805312980806e-06
1.04022660164564e-05
1.13179493557430e-05
1.23102720783474e-05
1.33846868587203e-05
1.45469446724489e-05
1.58031090323634e-05
1.71595700519120e-05
1.86230584478759e-05
2.02006595671887e-05
2.18998275023324e-05
2.37283993444238e-05
2.56946096119895e-05
2.78071048847923e-05
3.00749586658454e-05
3.25076864898679e-05
3.51152612931388e-05
3.79081290567542e-05
4.08972247334931e-05
4.40939884668839e-05
4.75103821100894e-05
5.11589060511126e-05
5.50526163505077e-05
5.92051421971334e-05
6.36307036870941e-05
6.83441299308776e-05
7.33608774934370e-05
7.86970491716639e-05
8.43694131140658e-05
9.03954222864478e-05
9.67932342884533e-05
0.000103581731524644
0.000110780541734635
0.000118410058885874
0.000126491464433330
0.000135046748949539
0.000144098734128978
0.000153671095169981
0.000163788383537931
0.000174476050112288
0.000185760468721073
0.000197668960065313
0.000210229816035516
0.000223472324423077
0.000237426794028186
0.000252124580165428
0.000267598110569181
0.000283880911698832
0.000301007635444379
0.000319014086232755
0.000337937248533893
0.000357815314765889
0.000378687713596645
0.000400595138641756
0.000423579577553503
0.000447684341498798
0.000472954095022353
0.000499434886288387
0.000527174177696820
0.000556220876866727
0.000586625367979740
0.000618439543474728
0.000651716836085292
0.000686512251209381
0.000722882399599979
0.000760885530363881
0.000800581564256025
0.000842032127254343
0.000885300584399546
0.000930452073881848
0.000977553541357667
0.00102667377447557
0.00107788343759064
0.00113125510664581
0.00118686330419192
0.00124478453452841
0.00130509731892955
0.00136788223093303
0.00143322193165773
0.00150120120511975
0.00157190699351033
0.00164542843240673
0.00172185688586748
0.00180128598138399
0.00188381164464013
0.00196953213403765
0.00205854807494368
0.00215096249361398
0.00224688085073763
0.00234641107455842
0.00244966359351293
0.00255675136833530
0.00266778992356569
0.00278289737840874
0.00290219447687073
0.00302580461712241
0.00315385388000907
0.00328647105665081
0.00342378767504983
0.00356593802564316
0.00371305918571650
0.00386529104260761
0.00402277631561211
0.00418566057652525
0.00435409226870961
0.00452822272463584
0.00470820618177603
0.00489419979678043
0.00508636365784722
0.00528486079516951
0.00548985718938854
0.00570152177795064
0.00592002645925095
0.00614554609449158
0.00637825850713400
0.00661834447984210
0.00686598774883342
0.00712137499549909
0.00738469583522128
0.00765614280325860
0.00793591133760157
0.00822419975869609
0.00852120924590958
0.00882714381064861
0.00914221026602891
0.00946661819295341
0.00980057990254521
0.0101443103947751
0.0104980273132266
0.0108619508958688
0.0112363039217410
0.0116213116534602
0.0120172017754358
0.0124242043277182
0.0128425516353640
0.0132724782332724
0.0137142207863488
0.0141680180049621
0.0146341105556044
0.0151127409666642
0.0156041535292636
0.0161085941930994
0.0166263104571938
0.0171575512555686
0.0177025668377266
0.0182616086439433
0.0188349291753100
0.0194227818585439
0.0200254209055001
0.0206431011673885
0.0212760779837169
0.0219246070259261
0.0225889441357760
0.0232693451584719
0.0239660657705720
0.0246793613027184
0.0254094865572899
0.0261566956209407
0.0269212416722089
0.0277033767841706
0.0285033517223813
0.0293214157380209
0.0301578163565406
0.0310127991618257
0.0318866075760579
0.0327794826354504
0.0336916627619564
0.0346233835312107
0.0355748774368220
0.0365463736512816
0.0375380977836336
0.0385502716341724
0.0395831129464366
0.0406368351566761
0.0417116471410967
0.0428077529611717
0.0439253516072406
0.0450646367407715
0.0462257964355187
0.0474090129179472
0.0486144623072353
0.0498423143551420
0.0510927321861765
0.0523658720383544
0.0536618830048932
0.0549809067772818
0.0563230773900890
0.0576885209677456
0.0590773554740288
0.0604896904641736
0.0619256268405011
0.0633852566115476
0.0648686626553758
0.0663759184873944
0.0679070880330251
0.0694622254056599
0.0710413746905004
0.0726445697343057
0.0742718339418867
0.0759231800793749
0.0775986100848764
0.0792981148869429
0.0810216742310430
0.0827692565145598
0.0845408186307379
0.0863363058216692
0.0881556515411754
0.0899987773272435
0.0918655926850356
0.0937559949803310
0.0956698693438461
0.0976070885867528
0.0995675131277291
0.101550990931531
0.103557357459685
0.105586435633304
0.107638035808262
0.109711955762960
0.111807980698836
0.113925883253759
0.116065423528427
0.118226349125895
0.120408395204300
0.122611284542862
0.124834727621173
0.127078422711810
0.129342055986274
0.131625301634194
0.133927821995766
0.136249267707341
0.138589277860078
0.140947480171493
0.143323491169831
0.145716916390983
0.148127350587896
0.150554377952107
0.152997572347290
0.155456497554485
0.157930707528736
0.160419746666866
0.162923150086032
0.165440443912738
0.167971145581951
0.170514764145913
0.173070800592294
0.175638748171224
0.178218092730831
0.180808313060804
0.183408881243527
0.186019263012359
0.188638918116494
0.191267300692017
0.193903859638568
0.196548039001137
0.199199278356504
0.201857013203749
0.204520675358329
0.207189693349215
0.209863492818500
0.212541496922998
0.215223126737260
0.217907801657508
0.220594939805890
0.223283958434596
0.225974274329298
0.228665304211318
0.231356465138088
0.234047174901394
0.236736852422828
0.239424918146051
0.242110794425286
0.244793905909671
0.247473679922931
0.250149546837970
0.252820940445921
0.255487298319246
0.258148062168477
0.260802678192229
0.263450597420053
0.266091276047830
0.268724175765335
0.271348764075667
0.273964514606187
0.276570907410739
0.279167429262846
0.281753573939631
0.284328842496254
0.286892743530573
0.289444793437968
0.291984516656002
0.294511445898879
0.297025122381444
0.299525096032750
0.302010925698955
0.304482179335487
0.306938434188549
0.309379276965659
0.311804303995478
0.314213121376696
0.316605345116071
0.318980601255654
0.321338525989206
0.323678765767852
0.326000977395062
0.328304828111041
0.330589995666601
0.332856168386644
0.335103045223400
0.337330335799512
0.339537760441115
0.341725050201129
0.343891946872887
0.346038202994281
0.348163581842636
0.350267857420483
0.352350814432465
0.354412248253642
0.356451964889216
0.358469780926236
0.360465523477178
0.362439030115893
0.364390148806008
0.366318737822176
0.368224665664263
0.370107810964836
0.371968062390288
0.373805318535596
0.375619487813297
0.377410488336695
0.379178247797749
0.380922703339740
0.382643801425110
0.384341497698699
0.386015756846585
0.387666552450924
0.389293866840872
0.390897690939987
0.392478024110321
0.394034873993399
0.395568256348453
0.397078194888020
0.398564721111215
0.400027874134945
0.401467700523193
0.402884254114717
0.404277595849283
0.405647793592750
0.406994921961054
0.408319062143539
0.409620301725603
0.410898734510959
0.412154460343735
0.413387584930508
0.414598219662500
0.415786481438100
0.416952492485853
0.418096380188152
0.419218276905625
0.420318319802570
0.421396650673423
0.422453415770405
0.423488765632617
0.424502854916457
0.425495842227756
0.426467889955548
0.427419164107598
0.428349834147842
0.429260072835915
0.430150056068545
0.431019962723322
0.431869974504520
0.432700275791324
0.433511053488376
0.434302496878743
0.435074797479411
0.435828148899249
0.436562746699571
0.437278788257330
0.437976472630960
0.438656000428859
0.439317573680666
0.439961395711177
0.440587671017108
0.441196605146578
0.441788404581369
0.442363276622029
0.442921429275698
0.443463071146818
0.443988411330571
0.444497659309181
0.444991024850902
0.445468717911901
0.445930948540843
0.446377926786212
0.446809862606441
0.447226965782627
0.447629445834131
0.448017511936614
0.448391372842943
0.448751236806542
0.449097311507454
0.449429803980856
0.449748920548188
0.450054866750720
0.450347847285603
0.450628065944364
0.450895725553709
0.451151027918766
0.451394173768590
0.451625362703961
0.451844793147373
0.452052662295288
0.452249166072485
0.452434499088499
0.452608854596208
0.452772424452376
0.452925399080210
0.453067967433821
0.453200316964643
0.453322633589662
0.453435101661470
0.453537903940081
0.453631221566484
0.453715234037851
0.453790119184480
0.453856053148162
0.453913210362300
0.453961763533413
0.454001883624150
0.454033739837733
0.454057499603839
0.454073328565752
0.454081390568868
0.454081847650504
0.454074860030871
0.454060586105290
0.454039182437575
0.454010803754471
0.453975602941267
0.453933731038363
0.453885337238911
0.453830568887403
0.453769571479225
0.453702488661080
0.453629462232312
0.453550632147080
0.453466136517329
0.453376111616492
0.453280691884073
0.453180009930757
0.453074196544410
0.452963380696573
0.452847689549665
0.452727248464815
0.452602181010185
0.452472608969948
0.452338652353682
0.452200429406355
0.452058056618762
0.451911648738348
0.451761318780576
0.451607178040601
0.451449336105420
0.451287900866263
0.451122978531478
0.450954673639582
0.450783089072769
0.450608326070606
0.450430484243975
0.450249661589399
0.450065954503426
0.449879457797331
0.449690264712044
0.449498466933145
0.449304154606168
0.449107416351920
0.448908339282058
0.448707009014699
0.448503509690225
0.448297923987113
0.448090333137911
0.447880816945235
0.447669453797885
0.447456320686989
0.447241493222174
0.447025045647782
0.446807050859130
0.446587580418778
0.446366704572734
0.446144492266762
0.445921011162607
0.445696327654182
0.445470506883852
0.445243612758473
0.445015707965601
0.444786853989536
0.444557111127277
0.444326538504576
0.444095194091700
0.443863134719342
0.443630416094288
0.443397092815113
0.443163218387678
0.442928845240672
0.442694024740909
0.442458807208692
0.442223241932869
0.441987377185994
0.441751260239208
0.441514937377103
0.441278453912439
0.441041854200722
0.440805181654721
0.440568478758779
0.440331787083028
0.440095147297524
0.439858599186192
0.439622181660664
0.439385932773940
0.439149889733996
0.438914088917185
0.438678565881514
0.438443355379827
0.438208491372755
0.437974007041629
0.437739934801179
0.437506306312145
0.437273152493667
0.437040503535611
0.436808388910734
0.436576837386653
0.436345877037739
0.436115535256846
0.435885838766846